
Explicit
0.001

Prefix

Exp.

milli

103

Explicit

Prefix
1,000

kilo

6

1,000,000
1,000,000,000

giga

1,000,000,000,000

tera

10

0.000001

micro

10

10−9

0.000000001

nano

109

10−12

0.000000000001

pico

1012

−15

CHAP. 1

15

1,000,000,000,000,000
1,000,000,000,000,000,000

mega

10

0.000000000000001

femto

10

10−18

0.0000000000000000001

atto

1018

10−21

0.0000000000000000000001

zepto

1021

1,000,000,000,000,000,000,000

zetta

0.0000000000000000000000001

yocto

1024

1,000,000,000,000,000,000,000,000
